ms, Channel 1, Channel 2, Channel 3, Channel 4
1,0,0,0,0.039
2,0.263,0.284,0.248,0.251
3,0,0,0,0.035
4,0.276,0.301,0.261,0.26
5,0,0,0,0.033
6,0.284,0.307,0.27,0.276
7,0,0,0,0.035
8,0.296,0.323,0.266,0.272
9,0,0,0,0.035
10,0.309,0.338,0.276,0.278
11,0,0,0,0.035
12,0.316,0.325,0.268,0.278
13,0,0,0,0.035
14,0.328,0.338,0.278,0.283
15,0,0,0,0.035
16,0.337,0.346,0.288,0.294
17,0,0,0,0.033
18,0.342,0.348,0.288,0.299
19,0,0,0,0.035
20,0.348,0.352,0.293,0.302
21,0,0,0,0.035
22,0.355,0.357,0.293,0.301
23,0,0,0,0.033
24,0.355,0.359,0.295,0.304
25,0,0,0,0.035
26,0.361,0.362,0.293,0.299
27,0,0,0,0.035
28,0.361,0.36,0.296,0.305
29,0,0,0,0.035
30,0.364,0.363,0.296,0.305
31,0,0,0,0.035
32,0.367,0.362,0.291,0.299
33,0,0,0,0.035
34,0.367,0.363,0.294,0.305
35,0,0,0,0.033
36,0.371,0.365,0.293,0.305
37,0,0,0,0.033
38,0.371,0.365,0.294,0.305
39,0,0,0,0.033
40,0.372,0.363,0.288,0.297
41,0,0,0,0.033
42,0.373,0.362,0.284,0.294
43,0,0,0,0.035
44,0.371,0.359,0.28,0.293
